3.40141	0.00947
3.40165	-0.02488
3.4019	-0.08933
3.40214	-0.04873
3.40239	0.0299
3.40263	0.04387
3.40287	0.05126
3.40312	0.07529
3.40336	0.0455
3.40361	-0.01643
3.40385	-0.00532
3.40409	-0.02501
3.40434	-0.06929
3.40458	-0.068
3.40482	-0.07462
3.40507	-0.06922
3.40531	-0.09965
3.40556	-0.10208
3.4058	-0.09551
3.40604	-0.1183
3.40629	-0.08463
3.40653	-0.06145
3.40678	-0.09508
3.40702	-0.10964
3.40726	-0.14891
3.40751	-0.15435
3.40775	-0.14186
3.40799	-0.13168
3.40824	-0.05998
3.40848	-0.00121
3.40873	-0.02596
3.40897	-0.05807
3.40921	-0.1291
3.40946	-0.1594
3.4097	-0.13413
3.40995	-0.12599
3.41019	-0.12588
3.41043	-0.12036
3.41068	-0.10146
3.41092	-0.13801
3.41116	-0.15345
3.41141	-0.15092
3.41165	-0.12271
3.4119	-0.07429
3.41214	-0.07423
3.41238	-0.09029
3.41263	-0.11187
3.41287	-0.0834
3.41312	-0.06034
3.41336	-0.07214
3.4136	-0.08744
3.41385	-0.08279
3.41409	-0.09815
3.41433	-0.10839
3.41458	-0.1263
3.41482	-0.10539
3.41507	-0.08003
3.41531	-0.07436
3.41555	-0.04748
3.4158	-0.09705
3.41604	-0.10252
3.41629	-0.0637
3.41653	-0.065
3.41677	-0.07001
3.41702	-0.12427
3.41726	-0.16322
3.4175	-0.16985
3.41775	-0.16548
3.41799	-0.14435
3.41824	-0.09314
3.41848	-0.08271
3.41872	-0.11608
3.41897	-0.118
3.41921	-0.08088
3.41946	-0.08633
3.4197	-0.1486
3.41994	-0.17735
3.42019	-0.16827
3.42043	-0.13538
3.42068	-0.07583
3.42092	-0.08073
3.42116	-0.08651
3.42141	-0.13291
3.42165	-0.08844
3.42189	-0.05391
3.42214	-0.09443
3.42238	-0.10471
3.42263	-0.0892
3.42287	-0.04772
3.42311	-0.01156
3.42336	0.01337
3.4236	-0.01371
3.42385	-0.06518
3.42409	-0.09143
3.42433	-0.10426
3.42458	-0.10884
3.42482	-0.10074
3.42506	-0.05414
3.42531	-0.05376
3.42555	-0.05513
3.4258	-0.03583
3.42604	-0.02095
3.42628	0.02029
3.42653	-0.01698
3.42677	-0.04709
3.42702	-0.06659
3.42726	-0.11805
3.4275	-0.10627
3.42775	-0.04728
3.42799	-0.01967
3.42823	0.02622
3.42848	0.02252
3.42872	4.00E-04
3.42897	0.00292
3.42921	-0.0313
3.42945	-0.02404
3.4297	0.01322
3.42994	0.01748
3.43019	0.02954
3.43043	0.04079
3.43067	0.03006
3.43092	0.00161
3.43116	-0.0218
3.4314	-0.03181
3.43165	-0.00838
3.43189	-0.0583
3.43214	-0.09778
3.43238	-0.06018
3.43262	-0.00109
3.43287	0.00952
3.43311	0.01955
3.43336	0.03522
3.4336	0.01465
3.43384	0.0261
3.43409	0.03124
3.43433	0.00183
3.43457	0.01525
3.43482	0.01425
3.43506	0.03075
3.43531	0.01359
3.43555	-0.02508
3.43579	0.03637
3.43604	0.06042
3.43628	0.04521
3.43653	-0.02707
3.43677	-0.07204
3.43701	0.00387
3.43726	0.04843
3.4375	0.02164
3.43774	0.01533
3.43799	0.02368
3.43823	0.00748
3.43848	0.00918
3.43872	-0.01854
3.43896	-0.03305
3.43921	-0.03425
3.43945	-0.04877
3.4397	-0.01395
3.43994	-0.00429
3.44018	-0.07478
3.44043	-0.07011
3.44067	-0.00682
3.44091	0.01959
3.44116	0.01377
3.4414	-0.03122
3.44165	-0.08235
3.44189	-0.05866
3.44213	-0.03455
3.44238	0.02269
3.44262	0.03501
3.44287	-0.00717
3.44311	-0.06219
3.44335	-0.04624
3.4436	-0.00515
3.44384	0.01612
3.44409	0.01972
3.44433	-0.00298
3.44457	0.02161
3.44482	-0.00302
3.44506	-0.0262
3.4453	-0.01466
3.44555	-0.01157
3.44579	-0.06052
3.44604	-0.09008
3.44628	-0.01441
3.44652	0.03389
3.44677	0.01812
3.44701	-0.00976
3.44726	-0.00961
3.4475	-0.01628
3.44774	-0.02
3.44799	-0.024
3.44823	-0.03744
3.44847	-0.04162
3.44872	-0.04981
3.44896	-0.0659
3.44921	-0.01678
3.44945	0.05816
3.44969	0.04341
3.44994	0.02898
3.45018	0.01559
3.45043	-0.00456
3.45067	-0.03288
3.45091	-0.06755
3.45116	-0.07299
3.4514	-0.09056
3.45164	-0.12142
3.45189	-0.11
3.45213	-0.05056
3.45238	-0.0365
3.45262	-0.05254
3.45286	-0.06346
3.45311	-0.08199
3.45335	-0.10146
3.4536	-0.09305
3.45384	-0.06043
3.45408	-0.04095
3.45433	-0.06727
3.45457	-0.07913
3.45481	-0.05933
3.45506	-0.01534
3.4553	0.01036
3.45555	-0.00599
3.45579	0.03223
3.45603	0.08742
3.45628	0.13834
3.45652	0.12785
3.45677	0.05173
3.45701	0.01348
3.45725	0.04655
3.4575	0.08786
3.45774	0.07946
3.45798	0.05099
3.45823	0.05417
3.45847	0.06448
3.45872	0.04449
3.45896	0.01352
3.4592	0.02361
3.45945	-0.02229
3.45969	-0.04981
3.45994	-0.02568
3.46018	-0.02894
3.46042	-0.02984
3.46067	-0.01163
3.46091	-0.01408
3.46115	0.00213
3.4614	0.00722
3.46164	0.00845
3.46189	0.02176
3.46213	0.04428
3.46237	0.03564
3.46262	0.04125
3.46286	0.02791
3.46311	0.03311
3.46335	0.0483
3.46359	0.06326
3.46384	0.0866
3.46408	0.13462
3.46432	0.13207
3.46457	0.07874
3.46481	0.01891
3.46506	0.00776
3.4653	-0.03171
3.46554	-0.10751
3.46579	-0.08144
3.46603	-0.10669
3.46628	-0.1314
3.46652	-0.07469
3.46676	-0.01067
3.46701	-0.00684
3.46725	-0.03832
3.46749	-0.09226
3.46774	-0.0608
3.46798	0.01832
3.46823	0.03667
3.46847	0.01346
3.46871	-0.02546
3.46896	-0.05471
3.4692	-0.05708
3.46945	-0.05522
3.46969	-0.02199
3.46993	0
3.47018	0.01785
3.47042	0.00763
3.47067	0.04754
3.47091	0.04106
3.47115	-0.00243
3.4714	-0.0303
3.47164	-0.03266
3.47188	0.01237
3.47213	0.03526
3.47237	0.04361
3.47262	0.06925
3.47286	0.11392
3.4731	0.13791
3.47335	0.12659
3.47359	0.09441
3.47384	0.08631
3.47408	0.11961
3.47432	0.11786
3.47457	0.1239
3.47481	0.12408
3.47505	0.09872
3.4753	0.07506
3.47554	0.09879
3.47579	0.11754
3.47603	0.17531
3.47627	0.15911
3.47652	0.06818
3.47676	0.01295
3.47701	-1.80E-04
3.47725	0.02844
3.47749	0.08329
3.47774	0.03365
3.47798	-0.00798
3.47822	0.03064
3.47847	0.11386
3.47871	0.18769
3.47896	0.17002
3.4792	0.14269
3.47944	0.12717
3.47969	0.11544
3.47993	0.11517
3.48018	0.13155
3.48042	0.12035
3.48066	0.11515
3.48091	0.13288
3.48115	0.14174
3.48139	0.14394
3.48164	0.17968
3.48188	0.1388
3.48213	0.08849
3.48237	0.06666
3.48261	0.06852
3.48286	0.086
3.4831	0.07158
3.48335	0.06692
3.48359	0.06538
3.48383	0.0595
3.48408	0.05134
3.48432	0.02265
3.48456	0.03539
3.48481	0.05628
3.48505	0.03756
3.4853	0.02812
3.48554	0.02773
3.48578	0.00702
3.48603	0.01871
3.48627	0.03822
3.48652	0.11564
3.48676	0.1362
3.487	0.10812
3.48725	0.07374
3.48749	0.0944
3.48773	0.14766
3.48798	0.15335
3.48822	0.17551
3.48847	0.1589
3.48871	0.1438
3.48895	0.10991
3.4892	0.09035
3.48944	0.1109
3.48969	0.14089
3.48993	0.14213
3.49017	0.11869
3.49042	0.06304
3.49066	0.06216
3.4909	0.09226
3.49115	0.07667
3.49139	0.08649
3.49164	0.09755
3.49188	0.12987
3.49212	0.12701
3.49237	0.11987
3.49261	0.10787
3.49286	0.07113
3.4931	0.0528
3.49334	0.08596
3.49359	0.17149
3.49383	0.22159
3.49408	0.2074
3.49432	0.18335
3.49456	0.13367
3.49481	0.1162
3.49505	0.14239
3.49529	0.1674
3.49554	0.17504
3.49578	0.15913
3.49603	0.17415
3.49627	0.16894
3.49651	0.15388
3.49676	0.19213
3.497	0.16649
3.49725	0.17198
3.49749	0.16172
3.49773	0.14232
3.49798	0.14646
3.49822	0.16301
3.49846	0.12711
3.49871	0.14299
3.49895	0.20129
3.4992	0.16462
3.49944	0.12606
3.49968	0.1332
3.49993	0.20333
3.50017	0.23666
3.50042	0.23682
3.50066	0.2439
3.5009	0.22368
3.50115	0.1663
3.50139	0.14509
3.50163	0.12354
3.50188	0.10321
3.50212	0.08464
3.50237	0.05021
3.50261	0.06561
3.50285	0.09872
3.5031	0.1409
3.50334	0.22532
3.50359	0.28634
3.50383	0.27262
3.50407	0.28125
3.50432	0.31432
3.50456	0.26314
3.5048	0.21198
3.50505	0.19582
3.50529	0.24273
3.50554	0.25302
3.50578	0.20318
3.50602	0.19873
3.50627	0.25005
3.50651	0.22224
3.50676	0.19803
3.507	0.20729
3.50724	0.21775
3.50749	0.19226
3.50773	0.17358
3.50797	0.21828
3.50822	0.23327
3.50846	0.20629
3.50871	0.20603
3.50895	0.22357
3.50919	0.20797
3.50944	0.18815
3.50968	0.19361
3.50993	0.20691
3.51017	0.16913
3.51041	0.11611
3.51066	0.08366
3.5109	0.11771
3.51114	0.13087
3.51139	0.15537
3.51163	0.15069
3.51188	0.15945
3.51212	0.21299
3.51236	0.27965
3.51261	0.2892
3.51285	0.27085
3.5131	0.15863
3.51334	0.07487
3.51358	0.10975
3.51383	0.16996
3.51407	0.18958
3.51431	0.15737
3.51456	0.18277
3.5148	0.1814
3.51505	0.19329
3.51529	0.17462
3.51553	0.2005
3.51578	0.16701
3.51602	0.18406
3.51627	0.22909
3.51651	0.22015
3.51675	0.2514
3.517	0.25243
3.51724	0.20557
3.51748	0.14303
3.51773	0.14523
3.51797	0.09678
3.51822	0.15417
3.51846	0.22349
3.5187	0.26935
3.51895	0.27012
3.51919	0.2442
3.51944	0.25709
3.51968	0.2583
3.51992	0.25045
3.52017	0.23159
3.52041	0.20137
3.52066	0.19185
3.5209	0.20168
3.52114	0.17569
3.52139	0.17645
3.52163	0.19353
3.52187	0.2123
3.52212	0.22217
3.52236	0.1984
3.52261	0.20523
3.52285	0.24931
3.52309	0.25198
3.52334	0.25017
3.52358	0.22897
3.52383	0.15548
3.52407	0.21717
3.52431	0.28728
3.52456	0.28828
3.5248	0.33389
3.52504	0.35983
3.52529	0.37309
3.52553	0.35261
3.52578	0.32206
3.52602	0.31183
3.52626	0.30936
3.52651	0.33245
3.52675	0.31625
3.527	0.24616
3.52724	0.17616
3.52748	0.14821
3.52773	0.1818
3.52797	0.20324
3.52821	0.23968
3.52846	0.23159
3.5287	0.18763
3.52895	0.21016
3.52919	0.20871
3.52943	0.19447
3.52968	0.20035
3.52992	0.19954
3.53017	0.17638
3.53041	0.15564
3.53065	0.21163
3.5309	0.24598
3.53114	0.23985
3.53138	0.21974
3.53163	0.17439
3.53187	0.14241
3.53212	0.14008
3.53236	0.18221
3.5326	0.18856
3.53285	0.18334
3.53309	0.25264
3.53334	0.2869
3.53358	0.25252
3.53382	0.20605
3.53407	0.21426
3.53431	0.23209
3.53455	0.22733
3.5348	0.19802
3.53504	0.17182
3.53529	0.22905
3.53553	0.28611
3.53577	0.31764
3.53602	0.32368
3.53626	0.33877
3.53651	0.37086
3.53675	0.39358
3.53699	0.39438
3.53724	0.37643
3.53748	0.33379
3.53772	0.34213
3.53797	0.35333
3.53821	0.34883
3.53846	0.31519
3.5387	0.27104
3.53894	0.27952
3.53919	0.319
3.53943	0.25234
3.53968	0.19275
3.53992	0.23533
3.54016	0.30073
3.54041	0.38332
3.54065	0.42146
3.54089	0.37967
3.54114	0.30036
3.54138	0.26627
3.54163	0.25792
3.54187	0.30551
3.54211	0.31789
3.54236	0.33271
3.5426	0.36225
3.54285	0.33672
3.54309	0.28176
3.54333	0.27214
3.54358	0.30685
3.54382	0.38031
3.54407	0.42163
3.54431	0.39309
3.54455	0.38009
3.5448	0.43712
3.54504	0.44434
3.54528	0.38089
3.54553	0.38677
3.54577	0.36521
3.54602	0.34976
3.54626	0.33834
3.5465	0.35611
3.54675	0.42239
3.54699	0.41425
3.54724	0.41851
3.54748	0.39058
3.54772	0.34173
3.54797	0.36802
3.54821	0.37201
3.54845	0.37498
3.5487	0.38553
3.54894	0.407
3.54919	0.38726
3.54943	0.36883
3.54967	0.39132
3.54992	0.40167
3.55016	0.41923
3.55041	0.4372
3.55065	0.47443
3.55089	0.4753
3.55114	0.43954
3.55138	0.4279
3.55162	0.44886
3.55187	0.41778
3.55211	0.37693
3.55236	0.43952
3.5526	0.47211
3.55284	0.50961
3.55309	0.55064
3.55333	0.57287
3.55358	0.57568
3.55382	0.50572
3.55406	0.50154
3.55431	0.55034
3.55455	0.55124
3.55479	0.55544
3.55504	0.54566
3.55528	0.53466
3.55553	0.54827
3.55577	0.58449
3.55601	0.66498
3.55626	0.70046
3.5565	0.70697
3.55675	0.73611
3.55699	0.71533
3.55723	0.57867
3.55748	0.52905
3.55772	0.56525
3.55796	0.58314
3.55821	0.59709
3.55845	0.59969
3.5587	0.63379
3.55894	0.63188
3.55918	0.62847
3.55943	0.65838
3.55967	0.64116
3.55992	0.61771
3.56016	0.61163
3.5604	0.63463
3.56065	0.64538
3.56089	0.60926
3.56113	0.59782
3.56138	0.64612
3.56162	0.66379
3.56187	0.62291
3.56211	0.58965
3.56235	0.58508
3.5626	0.59129
3.56284	0.62703
3.56309	0.67301
3.56333	0.64946
3.56357	0.64459
3.56382	0.68902
3.56406	0.72112
3.5643	0.66799
3.56455	0.62467
3.56479	0.68732
3.56504	0.77976
3.56528	0.82062
3.56552	0.84827
3.56577	0.8278
3.56601	0.77186
3.56626	0.72292
3.5665	0.71754
3.56674	0.76621
3.56699	0.87132
3.56723	0.9106
3.56747	0.91031
3.56772	0.88583
3.56796	0.82785
3.56821	0.82111
3.56845	0.81786
3.56869	0.89054
3.56894	0.94078
3.56918	0.95551
3.56943	0.96056
3.56967	0.94697
3.56991	0.89105
3.57016	0.92876
3.5704	0.98994
3.57065	0.96388
3.57089	0.99849
3.57113	1.08055
3.57138	1.07491
3.57162	1.03711
3.57186	0.99752
3.57211	1.02905
3.57235	1.05926
3.5726	1.04714
3.57284	1.04056
3.57308	1.06942
3.57333	1.03528
3.57357	1.01293
3.57382	1.04733
3.57406	1.07887
3.5743	1.05687
3.57455	1.085
3.57479	1.14023
3.57503	1.17874
3.57528	1.15803
3.57552	1.12056
3.57577	1.09698
3.57601	1.10406
3.57625	1.13773
3.5765	1.16289
3.57674	1.19397
3.57699	1.18863
3.57723	1.20388
3.57747	1.20251
3.57772	1.22718
3.57796	1.19183
3.5782	1.13253
3.57845	1.14463
3.57869	1.12742
3.57894	1.1201
3.57918	1.09178
3.57942	1.08619
3.57967	1.11626
3.57991	1.16316
3.58016	1.18938
3.5804	1.18693
3.58064	1.19577
3.58089	1.206
3.58113	1.2124
3.58137	1.21333
3.58162	1.21777
3.58186	1.15945
3.58211	1.10506
3.58235	1.16801
3.58259	1.20657
3.58284	1.1879
3.58308	1.1639
3.58333	1.15419
3.58357	1.15226
3.58381	1.20683
3.58406	1.2515
3.5843	1.256
3.58454	1.25695
3.58479	1.26169
3.58503	1.22111
3.58528	1.19278
3.58552	1.21399
3.58576	1.28138
3.58601	1.3681
3.58625	1.35215
3.5865	1.29996
3.58674	1.26517
3.58698	1.19747
3.58723	1.12524
3.58747	1.10487
3.58771	1.14941
3.58796	1.22313
3.5882	1.22604
3.58845	1.20189
3.58869	1.13836
3.58893	1.08673
3.58918	1.10975
3.58942	1.09425
3.58967	1.08323
3.58991	1.05739
3.59015	1.00154
3.5904	0.98126
3.59064	0.9956
3.59088	0.98762
3.59113	1.01058
3.59137	1.04971
3.59162	1.0963
3.59186	1.11405
3.5921	1.08571
3.59235	1.03006
3.59259	1.05126
3.59284	1.06683
3.59308	1.05082
3.59332	1.05011
3.59357	1.04087
3.59381	1.04602
3.59406	1.02564
3.5943	1.02323
3.59454	1.0741
3.59479	1.08371
3.59503	1.05633
3.59527	1.04716
3.59552	1.07366
3.59576	1.08085
3.59601	1.07512
3.59625	1.08584
3.59649	1.12494
3.59674	1.22327
3.59698	1.21513
3.59723	1.19185
3.59747	1.22104
3.59771	1.2226
3.59796	1.20595
3.5982	1.23766
3.59844	1.23716
3.59869	1.26001
3.59893	1.26357
3.59918	1.21275
3.59942	1.15694
3.59966	1.17893
3.59991	1.25929
3.60015	1.32433
3.6004	1.32298
3.60064	1.29194
3.60088	1.24473
3.60113	1.25098
3.60137	1.25931
3.60161	1.2197
3.60186	1.211
3.6021	1.20829
3.60235	1.12687
3.60259	1.10726
3.60283	1.14387
3.60308	1.2285
3.60332	1.2865
3.60357	1.32444
3.60381	1.32199
3.60405	1.29863
3.6043	1.32345
3.60454	1.31749
3.60478	1.26423
3.60503	1.23805
3.60527	1.24939
3.60552	1.29181
3.60576	1.34542
3.606	1.3922
3.60625	1.36254
3.60649	1.34752
3.60674	1.35988
3.60698	1.34016
3.60722	1.3017
3.60747	1.32709
3.60771	1.31087
3.60795	1.28147
3.6082	1.25394
3.60844	1.27258
3.60869	1.309
3.60893	1.33794
3.60917	1.36188
3.60942	1.38423
3.60966	1.42267
3.60991	1.48327
3.61015	1.48226
3.61039	1.42558
3.61064	1.45374
3.61088	1.48076
3.61112	1.50821
3.61137	1.49578
3.61161	1.56785
3.61186	1.58752
3.6121	1.63152
3.61234	1.70521
3.61259	1.75539
3.61283	1.78351
3.61308	1.79765
3.61332	1.76721
3.61356	1.71009
3.61381	1.71209
3.61405	1.72284
3.61429	1.68847
3.61454	1.67725
3.61478	1.73341
3.61503	1.7742
3.61527	1.74985
3.61551	1.71923
3.61576	1.73917
3.616	1.73294
3.61625	1.78141
3.61649	1.77388
3.61673	1.74893
3.61698	1.78463
3.61722	1.83942
3.61746	1.87383
3.61771	1.87703
3.61795	1.88529
3.6182	1.93559
3.61844	2.02874
3.61868	2.10934
3.61893	2.12347
3.61917	2.10427
3.61942	2.13838
3.61966	2.18427
3.6199	2.18415
3.62015	2.1708
3.62039	2.13901
3.62064	2.11444
3.62088	2.13334
3.62112	2.17559
3.62137	2.1999
3.62161	2.17731
3.62185	2.21439
3.6221	2.24898
3.62234	2.23148
3.62259	2.24669
3.62283	2.18744
3.62307	2.09463
3.62332	2.09906
3.62356	2.11817
3.62381	2.10151
3.62405	2.15111
3.62429	2.17786
3.62454	2.22451
3.62478	2.2383
3.62502	2.2636
3.62527	2.31033
3.62551	2.35143
3.62576	2.32824
3.626	2.37527
3.62624	2.42387
3.62649	2.46588
3.62673	2.47067
3.62698	2.47749
3.62722	2.4728
3.62746	2.45865
3.62771	2.5281
3.62795	2.49972
3.62819	2.42618
3.62844	2.44205
3.62868	2.44926
3.62893	2.41615
3.62917	2.39184
3.62941	2.33164
3.62966	2.33911
3.6299	2.36901
3.63015	2.38217
3.63039	2.36753
3.63063	2.26719
3.63088	2.23715
3.63112	2.32062
3.63136	2.35757
3.63161	2.32039
3.63185	2.31381
3.6321	2.30492
3.63234	2.31135
3.63258	2.32497
3.63283	2.33032
3.63307	2.32902
3.63332	2.37829
3.63356	2.40302
3.6338	2.35997
3.63405	2.32984
3.63429	2.31959
3.63453	2.40484
3.63478	2.45374
3.63502	2.43894
3.63527	2.41404
3.63551	2.46863
3.63575	2.51716
3.636	2.56856
3.63624	2.62021
3.63649	2.64067
3.63673	2.62279
3.63697	2.64121
3.63722	2.68497
3.63746	2.68319
3.6377	2.6126
3.63795	2.61822
3.63819	2.64612
3.63844	2.68548
3.63868	2.65075
3.63892	2.59892
3.63917	2.59151
3.63941	2.60676
3.63966	2.61771
3.6399	2.64586
3.64014	2.63012
3.64039	2.60696
3.64063	2.55639
3.64087	2.55074
3.64112	2.58101
3.64136	2.61522
3.64161	2.63268
3.64185	2.61405
3.64209	2.60707
3.64234	2.56144
3.64258	2.56985
3.64283	2.62415
3.64307	2.62736
3.64331	2.6799
3.64356	2.74296
3.6438	2.74334
3.64405	2.78929
3.64429	2.83225
3.64453	2.84866
3.64478	2.84547
3.64502	2.84323
3.64526	2.90674
3.64551	2.96811
3.64575	2.9844
3.646	3.00686
3.64624	3.05796
3.64648	3.12677
3.64673	3.17322
3.64697	3.20065
3.64722	3.20073
3.64746	3.24292
3.6477	3.30843
3.64795	3.3021
3.64819	3.28882
3.64843	3.31375
3.64868	3.325
3.64892	3.36848
3.64917	3.41467
3.64941	3.44012
3.64965	3.45564
3.6499	3.51292
3.65014	3.55081
3.65039	3.54815
3.65063	3.59562
3.65087	3.64473
3.65112	3.58296
3.65136	3.5214
3.6516	3.48871
3.65185	3.49208
3.65209	3.54828
3.65234	3.56978
3.65258	3.62654
3.65282	3.61104
3.65307	3.57207
3.65331	3.59275
3.65356	3.72497
3.6538	3.77707
3.65404	3.74027
3.65429	3.73564
3.65453	3.75574
3.65477	3.77164
3.65502	3.78711
3.65526	3.82748
3.65551	3.84343
3.65575	3.84361
3.65599	3.86303
3.65624	3.88111
3.65648	3.89016
3.65673	3.917
3.65697	3.93202
3.65721	3.97945
3.65746	4.01536
3.6577	4.03362
3.65794	4.07664
3.65819	4.16488
3.65843	4.25012
3.65868	4.34301
3.65892	4.39165
3.65916	4.40127
3.65941	4.37208
3.65965	4.38405
3.6599	4.49206
3.66014	4.53966
3.66038	4.55504
3.66063	4.57662
3.66087	4.62752
3.66111	4.64049
3.66136	4.64158
3.6616	4.74304
3.66185	4.83917
3.66209	4.87365
3.66233	4.90976
3.66258	4.95184
3.66282	4.97783
3.66307	5.05499
3.66331	5.12958
3.66355	5.20347
3.6638	5.24319
3.66404	5.31311
3.66428	5.36391
3.66453	5.37686
3.66477	5.41154
3.66502	5.41709
3.66526	5.43602
3.6655	5.48064
3.66575	5.49827
3.66599	5.52917
3.66624	5.59589
3.66648	5.69011
3.66672	5.73358
3.66697	5.81977
3.66721	5.90871
3.66745	5.94661
3.6677	5.97726
3.66794	5.99811
3.66819	6.02438
3.66843	6.05793
3.66867	6.11817
3.66892	6.18172
3.66916	6.259
3.66941	6.31853
3.66965	6.38975
3.66989	6.46446
3.67014	6.53797
3.67038	6.61067
3.67063	6.62164
3.67087	6.64488
3.67111	6.65928
3.67136	6.71894
3.6716	6.83295
3.67184	6.93346
3.67209	6.98731
3.67233	7.07737
3.67258	7.19144
3.67282	7.30329
3.67306	7.42185
3.67331	7.52008
3.67355	7.64663
3.6738	7.77424
3.67404	7.90885
3.67428	8.04302
3.67453	8.1931
3.67477	8.32662
3.67501	8.41601
3.67526	8.50749
3.6755	8.64728
3.67575	8.7986
3.67599	8.88313
3.67623	9.01787
3.67648	9.1887
3.67672	9.37207
3.67697	9.50197
3.67721	9.61197
3.67745	9.73677
3.6777	9.83546
3.67794	9.93876
3.67818	10.02665
3.67843	10.12335
3.67867	10.22874
3.67892	10.37484
3.67916	10.52054
3.6794	10.62613
3.67965	10.67103
3.67989	10.68782
3.68014	10.79492
3.68038	10.90191
3.68062	10.94191
3.68087	11.04821
3.68111	11.1904
3.68135	11.2615
3.6816	11.32669
3.68184	11.47869
3.68209	11.72368
3.68233	11.97158
3.68257	12.11668
3.68282	12.24667
3.68306	12.40947
3.68331	12.61536
3.68355	12.82016
3.68379	13.03375
3.68404	13.28325
3.68428	13.57525
3.68452	13.83294
3.68477	14.05494
3.68501	14.26253
3.68526	14.51683
3.6855	14.75322
3.68574	14.95682
3.68599	15.17302
3.68623	15.48701
3.68648	15.76911
3.68672	16.0404
3.68696	16.34
3.68721	16.61889
3.68745	16.96949
3.68769	17.36269
3.68794	17.72648
3.68818	18.13508
3.68843	18.52837
3.68867	18.97877
3.68891	19.38336
3.68916	19.83156
3.6894	20.31546
3.68965	20.80215
3.68989	21.35215
3.69013	21.83404
3.69038	22.37674
3.69062	22.93083
3.69086	23.50363
3.69111	24.14903
3.69135	24.78852
3.6916	25.43262
3.69184	26.14691
3.69208	26.97611
3.69233	27.901
3.69257	28.9258
3.69282	30.0355
3.69306	31.35129
3.6933	32.99069
3.69355	34.84698
3.69379	36.91558
3.69404	39.32167
3.69428	42.14087
3.69452	45.36677
3.69477	49.11146
3.69501	53.43556
3.69525	58.45845
3.6955	64.22265
3.69574	70.78284
3.69599	78.36854
3.69623	87.14804
3.69647	97.39963
3.69672	109.16393
3.69696	122.39192
3.69721	136.76292
3.69745	151.77791
3.69769	166.77791
3.69794	181.06291
3.69818	194.1379
3.69842	205.9449
3.69867	216.41889
3.69891	225.53389
3.69916	233.21688
3.6994	239.21588
3.69964	243.35288
3.69989	245.40287
3.70013	245.17687
3.70038	242.54986
3.70062	237.56486
3.70086	230.51186
3.70111	221.42885
3.70135	210.26785
3.70159	196.97184
3.70184	181.41284
3.70208	163.87683
3.70233	145.11383
3.70257	126.29683
3.70281	108.80982
3.70306	93.62372
3.7033	80.93341
3.70355	70.55201
3.70379	62.1619
3.70403	55.4611
3.70428	50.0135
3.70452	45.63189
3.70476	42.05149
3.70501	39.11038
3.70525	36.67628
3.7055	34.56187
3.70574	32.73147
3.70598	31.13457
3.70623	29.78456
3.70647	28.60076
3.70672	27.52295
3.70696	26.60395
3.7072	25.75184
3.70745	24.92404
3.70769	24.20354
3.70793	23.50563
3.70818	22.87063
3.70842	22.33792
3.70867	21.85122
3.70891	21.43271
3.70915	20.99871
3.7094	20.57201
3.70964	20.2024
3.70989	19.8296
3.71013	19.45189
3.71037	19.03209
3.71062	18.63548
3.71086	18.28658
3.7111	17.93428
3.71135	17.55537
3.71159	17.22337
3.71184	16.87066
3.71208	16.56076
3.71232	16.30875
3.71257	16.01565
3.71281	15.72925
3.71306	15.44554
3.7133	15.17904
3.71354	14.93413
3.71379	14.67083
3.71403	14.43552
3.71427	14.27052
3.71452	14.08762
3.71476	13.96391
3.71501	13.81231
3.71525	13.5958
3.71549	13.3806
3.71574	13.16259
3.71598	12.94559
3.71623	12.78469
3.71647	12.57748
3.71671	12.41048
3.71696	12.21907
3.7172	12.06877
3.71744	11.89026
3.71769	11.67526
3.71793	11.55096
3.71818	11.43025
3.71842	11.27895
3.71866	11.12544
3.71891	10.96404
3.71915	10.85043
3.7194	10.77353
3.71964	10.62273
3.71988	10.46582
3.72013	10.27652
3.72037	10.11041
3.72062	9.99441
3.72086	9.8343
3.7211	9.7262
3.72135	9.6483
3.72159	9.53029
3.72183	9.35005
3.72208	9.18863
3.72232	9.0459
3.72257	8.90029
3.72281	8.80709
3.72305	8.75989
3.7233	8.69144
3.72354	8.59644
3.72379	8.49948
3.72403	8.38738
3.72427	8.31144
3.72452	8.29204
3.72476	8.23841
3.725	8.09099
3.72525	7.95001
3.72549	7.86212
3.72574	7.78925
3.72598	7.79458
3.72622	7.76823
3.72647	7.6352
3.72671	7.53823
3.72696	7.45064
3.7272	7.41974
3.72744	7.37465
3.72769	7.29694
3.72793	7.19299
3.72817	7.08167
3.72842	7.00174
3.72866	6.89561
3.72891	6.88169
3.72915	6.77947
3.72939	6.61329
3.72964	6.52128
3.72988	6.42909
3.73013	6.3381
3.73037	6.31938
3.73061	6.32272
3.73086	6.29753
3.7311	6.24241
3.73134	6.19832
3.73159	6.14413
3.73183	6.04615
3.73208	5.94248
3.73232	5.85708
3.73256	5.75613
3.73281	5.70666
3.73305	5.75716
3.7333	5.7118
3.73354	5.60631
3.73378	5.5297
3.73403	5.50852
3.73427	5.43407
3.73451	5.29609
3.73476	5.21378
3.735	5.23575
3.73525	5.28973
3.73549	5.29311
3.73573	5.2819
3.73598	5.21809
3.73622	5.18112
3.73647	5.14657
3.73671	5.07951
3.73695	4.97299
3.7372	4.86922
3.73744	4.81449
3.73768	4.75722
3.73793	4.72198
3.73817	4.71305
3.73842	4.68604
3.73866	4.54434
3.7389	4.46896
3.73915	4.483
3.73939	4.51352
3.73964	4.53214
3.73988	4.45103
3.74012	4.3522
3.74037	4.31187
3.74061	4.31953
3.74085	4.31791
3.7411	4.27626
3.74134	4.27558
3.74159	4.26693
3.74183	4.232
3.74207	4.25238
3.74232	4.19539
3.74256	4.14031
3.74281	4.08698
3.74305	4.07439
3.74329	4.05156
3.74354	4.01648
3.74378	3.98287
3.74403	3.92494
3.74427	3.87998
3.74451	3.83511
3.74476	3.81789
3.745	3.83971
3.74524	3.85462
3.74549	3.81094
3.74573	3.76392
3.74598	3.71004
3.74622	3.69063
3.74646	3.62532
3.74671	3.64633
3.74695	3.67587
3.7472	3.60161
3.74744	3.50514
3.74768	3.4335
3.74793	3.41304
3.74817	3.41256
3.74841	3.41848
3.74866	3.41715
3.7489	3.45758
3.74915	3.41069
3.74939	3.33971
3.74963	3.36764
3.74988	3.37004
3.75012	3.30137
3.75037	3.24962
3.75061	3.2324
3.75085	3.20596
3.7511	3.14826
3.75134	3.10324
3.75158	3.07164
3.75183	3.04105
3.75207	3.06937
3.75232	3.05925
3.75256	3.00634
3.7528	3.00371
3.75305	2.95655
3.75329	2.93646
3.75354	2.9386
3.75378	2.95193
3.75402	2.96658
3.75427	2.92857
3.75451	2.92568
3.75475	2.94585
3.755	2.94895
3.75524	2.92018
3.75549	2.91052
3.75573	2.8812
3.75597	2.85703
3.75622	2.80428
3.75646	2.77847
3.75671	2.75306
3.75695	2.73011
3.75719	2.74924
3.75744	2.80557
3.75768	2.86079
3.75792	2.83606
3.75817	2.74458
3.75841	2.66082
3.75866	2.59045
3.7589	2.52688
3.75914	2.52266
3.75939	2.49955
3.75963	2.52342
3.75988	2.52607
3.76012	2.46431
3.76036	2.43619
3.76061	2.42974
3.76085	2.40905
3.76109	2.38807
3.76134	2.41482
3.76158	2.40301
3.76183	2.40855
3.76207	2.40898
3.76231	2.32122
3.76256	2.2623
3.7628	2.24255
3.76305	2.26998
3.76329	2.21903
3.76353	2.13748
3.76378	2.12663
3.76402	2.1207
3.76426	2.05227
3.76451	2.00344
3.76475	2.03589
3.765	2.09049
3.76524	2.12663
3.76548	2.10377
3.76573	2.05854
3.76597	2.0024
3.76622	1.9833
3.76646	1.96645
3.7667	1.95797
3.76695	1.95827
3.76719	1.91063
3.76744	1.86541
3.76768	1.89233
3.76792	1.9958
3.76817	2.02775
3.76841	1.98587
3.76865	1.94597
3.7689	1.92393
3.76914	1.87583
3.76939	1.87886
3.76963	1.91038
3.76987	1.89829
3.77012	1.88815
3.77036	1.88226
3.77061	1.89778
3.77085	1.91406
3.77109	1.96918
3.77134	1.97225
3.77158	1.93837
3.77182	1.89406
3.77207	1.83836
3.77231	1.81251
3.77256	1.78028
3.7728	1.78249
3.77304	1.78691
3.77329	1.85041
3.77353	1.84391
3.77378	1.78635
3.77402	1.76015
3.77426	1.75245
3.77451	1.7202
3.77475	1.67906
3.77499	1.74242
3.77524	1.79265
3.77548	1.76462
3.77573	1.71618
3.77597	1.70534
3.77621	1.71302
3.77646	1.71969
3.7767	1.71559
3.77695	1.66245
3.77719	1.65629
3.77743	1.65271
3.77768	1.69274
3.77792	1.74913
3.77816	1.70204
3.77841	1.61255
3.77865	1.60485
3.7789	1.64499
3.77914	1.67019
3.77938	1.66115
3.77963	1.65459
3.77987	1.65866
3.78012	1.6481
3.78036	1.60271
3.7806	1.62726
3.78085	1.56877
3.78109	1.50746
3.78133	1.51208
3.78158	1.52312
3.78182	1.51883
3.78207	1.47102
3.78231	1.47367
3.78255	1.54905
3.7828	1.53627
3.78304	1.51369
3.78329	1.48596
3.78353	1.44773
3.78377	1.46646
3.78402	1.46264
3.78426	1.48078
3.7845	1.46607
3.78475	1.43102
3.78499	1.49144
3.78524	1.59598
3.78548	1.59063
3.78572	1.52393
3.78597	1.43471
3.78621	1.39935
3.78646	1.3738
3.7867	1.38379
3.78694	1.38235
3.78719	1.36228
3.78743	1.34265
3.78767	1.34807
3.78792	1.36091
3.78816	1.36656
3.78841	1.36913
3.78865	1.36827
3.78889	1.34241
3.78914	1.35713
3.78938	1.33821
3.78963	1.33469
3.78987	1.34353
3.79011	1.39191
3.79036	1.38979
3.7906	1.35812
3.79084	1.3598
3.79109	1.39473
3.79133	1.39511
3.79158	1.38671
3.79182	1.29701
3.79206	1.24807
3.79231	1.21352
3.79255	1.21553
3.7928	1.24086
3.79304	1.25962
3.79328	1.30886
3.79353	1.32617
3.79377	1.30912
3.79402	1.31596
3.79426	1.3382
3.7945	1.29753
3.79475	1.31316
3.79499	1.37428
3.79523	1.41121
3.79548	1.36439
3.79572	1.28911
3.79597	1.25423
3.79621	1.15678
3.79645	1.19175
3.7967	1.26758
3.79694	1.2475
3.79719	1.26121
3.79743	1.23464
3.79767	1.2197
3.79792	1.24438
3.79816	1.27098
3.7984	1.25158
3.79865	1.19974
3.79889	1.20894
3.79914	1.1836
3.79938	1.19395
3.79962	1.25283
3.79987	1.25077
3.80011	1.22232
3.80036	1.19542
3.8006	1.17182
3.80084	1.19432
3.80109	1.20071
3.80133	1.1988
3.80157	1.18694
3.80182	1.17971
3.80206	1.22037
3.80231	1.22365
3.80255	1.19401
3.80279	1.18989
3.80304	1.15586
3.80328	1.12338
3.80353	1.15804
3.80377	1.21673
3.80401	1.22768
3.80426	1.19656
3.8045	1.18304
3.80474	1.11391
3.80499	1.14928
3.80523	1.21429
3.80548	1.21188
3.80572	1.2815
3.80596	1.38941
3.80621	1.41701
3.80645	1.41535
3.8067	1.42281
3.80694	1.44162
3.80718	1.42441
3.80743	1.39954
3.80767	1.41095
3.80791	1.39885
3.80816	1.43629
3.8084	1.44044
3.80865	1.42527
3.80889	1.40299
3.80913	1.40162
3.80938	1.36366
3.80962	1.37223
3.80987	1.42571
3.81011	1.45161
3.81035	1.49073
3.8106	1.46575
3.81084	1.45386
3.81108	1.47941
3.81133	1.52775
3.81157	1.55662
3.81182	1.49525
3.81206	1.46432
3.8123	1.45184
3.81255	1.45605
3.81279	1.46043
3.81304	1.43449
3.81328	1.4389
3.81352	1.42357
3.81377	1.36769
3.81401	1.36334
3.81425	1.32797
3.8145	1.29172
3.81474	1.36267
3.81499	1.41641
3.81523	1.48251
3.81547	1.52519
3.81572	1.49193
3.81596	1.4851
3.81621	1.45594
3.81645	1.47027
3.81669	1.47515
3.81694	1.49147
3.81718	1.49211
3.81743	1.47299
3.81767	1.42164
3.81791	1.38583
3.81816	1.43156
3.8184	1.44012
3.81864	1.39708
3.81889	1.39498
3.81913	1.40129
3.81938	1.38296
3.81962	1.39501
3.81986	1.37707
3.82011	1.34484
3.82035	1.33378
3.8206	1.29794
3.82084	1.29175
3.82108	1.31376
3.82133	1.31737
3.82157	1.27017
3.82181	1.1891
3.82206	1.23507
3.8223	1.23918
3.82255	1.16995
3.82279	1.11363
3.82303	1.09116
3.82328	1.03322
3.82352	1.06582
3.82377	1.14731
3.82401	1.13983
3.82425	1.08655
3.8245	1.07737
3.82474	1.09131
3.82498	1.01606
3.82523	0.94029
3.82547	0.94768
3.82572	1.01893
3.82596	1.0352
3.8262	1.02197
3.82645	1.00571
3.82669	0.95488
3.82694	0.93695
3.82718	0.92381
3.82742	0.8827
3.82767	0.84238
3.82791	0.80139
3.82815	0.78481
3.8284	0.77964
3.82864	0.81006
3.82889	0.83896
3.82913	0.80317
3.82937	0.77228
3.82962	0.78439
3.82986	0.82898
3.83011	0.88039
3.83035	0.88534
3.83059	0.8225
3.83084	0.80913
3.83108	0.80444
3.83132	0.76626
3.83157	0.73564
3.83181	0.69833
3.83206	0.72981
3.8323	0.76568
3.83254	0.74171
3.83279	0.74056
3.83303	0.73122
3.83328	0.69866
3.83352	0.63861
3.83376	0.59726
3.83401	0.57239
3.83425	0.55114
3.83449	0.55112
3.83474	0.54874
3.83498	0.50027
3.83523	0.54566
3.83547	0.54734
3.83571	0.57958
3.83596	0.60006
3.8362	0.65605
3.83645	0.65885
3.83669	0.63195
3.83693	0.63373
3.83718	0.67782
3.83742	0.71401
3.83766	0.69376
3.83791	0.62891
3.83815	0.57736
3.8384	0.55144
3.83864	0.56409
3.83888	0.65882
3.83913	0.72114
3.83937	0.70468
3.83962	0.64111
3.83986	0.5891
3.8401	0.67998
3.84035	0.76374
3.84059	0.73998
3.84083	0.65539
3.84108	0.64243
3.84132	0.64113
3.84157	0.59875
3.84181	0.61589
3.84205	0.6866
3.8423	0.70096
3.84254	0.70343
3.84279	0.67886
3.84303	0.66708
3.84327	0.65163
3.84352	0.63158
3.84376	0.655
3.84401	0.60361
3.84425	0.57792
3.84449	0.58902
3.84474	0.54877
3.84498	0.48216
3.84522	0.48622
3.84547	0.50476
3.84571	0.52867
3.84596	0.52626
3.8462	0.57118
3.84644	0.58197
3.84669	0.53906
3.84693	0.56408
3.84718	0.61604
3.84742	0.63573
3.84766	0.62852
3.84791	0.58785
3.84815	0.58327
3.84839	0.64245
3.84864	0.71397
3.84888	0.71443
3.84913	0.66133
3.84937	0.64614
3.84961	0.65115
3.84986	0.66979
3.8501	0.66432
3.85035	0.65167
3.85059	0.66031
3.85083	0.66762
3.85108	0.63548
3.85132	0.58884
3.85156	0.57554
3.85181	0.58172
3.85205	0.60452
3.8523	0.65703
3.85254	0.7012
3.85278	0.6588
3.85303	0.59221
3.85327	0.58942
3.85352	0.62543
3.85376	0.66913
3.854	0.66784
3.85425	0.6385
3.85449	0.63212
3.85473	0.55735
3.85498	0.54016
3.85522	0.60118
3.85547	0.62213
3.85571	0.59747
3.85595	0.58502
3.8562	0.55982
3.85644	0.55621
3.85669	0.54138
3.85693	0.50198
3.85717	0.51135
3.85742	0.51256
3.85766	0.51736
3.8579	0.48041
3.85815	0.44185
3.85839	0.47932
3.85864	0.47446
3.85888	0.4764
3.85912	0.42833
3.85937	0.42873
3.85961	0.42121
3.85986	0.41687
3.8601	0.46396
3.86034	0.48677
3.86059	0.47784
3.86083	0.45631
3.86107	0.45604
3.86132	0.46252
3.86156	0.4496
3.86181	0.45361
3.86205	0.48217
3.86229	0.45008
3.86254	0.45306
3.86278	0.49416
3.86303	0.525
3.86327	0.55755
3.86351	0.55626
3.86376	0.49429
3.864	0.41793
3.86424	0.37508
3.86449	0.39019
3.86473	0.39407
3.86498	0.40496
3.86522	0.4015
3.86546	0.41211
3.86571	0.4373
3.86595	0.42717
3.8662	0.37515
3.86644	0.33772
3.86668	0.34948
3.86693	0.37711
3.86717	0.38487
3.86742	0.34057
3.86766	0.33013
3.8679	0.37334
3.86815	0.42839
3.86839	0.43937
3.86863	0.40303
3.86888	0.37767
3.86912	0.37408
3.86937	0.3855
3.86961	0.45625
3.86985	0.46735
3.8701	0.40187
3.87034	0.40404
3.87059	0.43537
3.87083	0.41032
3.87107	0.35359
3.87132	0.29661
3.87156	0.28
3.8718	0.28262
3.87205	0.27532
3.87229	0.33381
3.87254	0.34737
3.87278	0.32389
3.87302	0.37219
3.87327	0.38385
3.87351	0.3564
3.87376	0.35732
3.874	0.36106
3.87424	0.38449
3.87449	0.36969
3.87473	0.34652
3.87497	0.36961
3.87522	0.36603
3.87546	0.3682
3.87571	0.36741
3.87595	0.35759
3.87619	0.33615
3.87644	0.28434
3.87668	0.32016
3.87693	0.31793
3.87717	0.30615
3.87741	0.32436
3.87766	0.35961
3.8779	0.33231
3.87814	0.30279
3.87839	0.33556
3.87863	0.36456
3.87888	0.34049
3.87912	0.34191
3.87936	0.36756
3.87961	0.38428
3.87985	0.35207
3.8801	0.28502
3.88034	0.22337
3.88058	0.24134
3.88083	0.29191
3.88107	0.31776
3.88131	0.31511
3.88156	0.34519
3.8818	0.41402
3.88205	0.44257
3.88229	0.37611
3.88253	0.32543
3.88278	0.32076
3.88302	0.31604
3.88327	0.36321
3.88351	0.3932
3.88375	0.36262
3.884	0.35415
3.88424	0.37885
3.88448	0.3712
3.88473	0.38116
3.88497	0.42716
3.88522	0.48896
3.88546	0.48237
3.8857	0.45067
3.88595	0.37006
3.88619	0.39416
3.88644	0.41344
3.88668	0.37769
3.88692	0.35597
3.88717	0.34951
3.88741	0.33843
3.88765	0.32046
3.8879	0.35734
3.88814	0.33531
3.88839	0.32088
3.88863	0.35458
3.88887	0.39524
3.88912	0.34415
3.88936	0.32346
3.88961	0.40987
3.88985	0.4135
3.89009	0.35313
3.89034	0.30516
3.89058	0.3259
3.89082	0.35528
3.89107	0.36428
3.89131	0.40387
3.89156	0.46596
3.8918	0.49335
3.89204	0.48151
3.89229	0.42193
3.89253	0.39469
3.89278	0.43165
3.89302	0.46419
3.89326	0.45924
3.89351	0.47537
3.89375	0.4497
3.894	0.40005
3.89424	0.38584
3.89448	0.39067
3.89473	0.36659
3.89497	0.37443
3.89521	0.41589
3.89546	0.45489
3.8957	0.47708
3.89595	0.47067
3.89619	0.45797
3.89643	0.42561
3.89668	0.39769
3.89692	0.32472
3.89717	0.32782
3.89741	0.41255
3.89765	0.41261
3.8979	0.41725
3.89814	0.46178
3.89838	0.49776
3.89863	0.49424
3.89887	0.46853
3.89912	0.44097
3.89936	0.42091
3.8996	0.43053
3.89985	0.39066
3.90009	0.35079
3.90034	0.40535
3.90058	0.41787
3.90082	0.40572
3.90107	0.40081
3.90131	0.36875
3.90155	0.36285
3.9018	0.33943
3.90204	0.34391
3.90229	0.3996
3.90253	0.42634
3.90277	0.4017
3.90302	0.37769
3.90326	0.3269
3.90351	0.26005
3.90375	0.25161
3.90399	0.20581
3.90424	0.21826
3.90448	0.2335
3.90472	0.22094
3.90497	0.22838
3.90521	0.24525
3.90546	0.24372
3.9057	0.26569
3.90594	0.2497
3.90619	0.23219
3.90643	0.2447
3.90668	0.21937
3.90692	0.18615
3.90716	0.18611
3.90741	0.15592
3.90765	0.18341
3.90789	0.23065
3.90814	0.25882
3.90838	0.23895
3.90863	0.23924
3.90887	0.26667
3.90911	0.20342
3.90936	0.14276
3.9096	0.18254
3.90985	0.24585
3.91009	0.29211
3.91033	0.26266
3.91058	0.23233
3.91082	0.26275
3.91106	0.28087
3.91131	0.26828
3.91155	0.31739
3.9118	0.34708
3.91204	0.32076
3.91228	0.306
3.91253	0.31931
3.91277	0.32245
3.91302	0.33629
3.91326	0.32835
3.9135	0.28968
3.91375	0.34128
3.91399	0.38039
3.91423	0.37662
3.91448	0.35597
3.91472	0.37183
3.91497	0.39938
3.91521	0.33379
3.91545	0.33593
3.9157	0.35538
3.91594	0.33993
3.91619	0.30021
3.91643	0.24818
3.91667	0.23664
3.91692	0.21674
3.91716	0.19499
3.91741	0.22075
3.91765	0.22927
3.91789	0.20843
3.91814	0.19404
3.91838	0.20347
3.91862	0.26555
3.91887	0.28409
3.91911	0.27921
3.91936	0.29654
3.9196	0.32623
3.91984	0.30706
3.92009	0.263
3.92033	0.24357
3.92058	0.28211
3.92082	0.33231
3.92106	0.3377
3.92131	0.31407
3.92155	0.34258
3.92179	0.34092
3.92204	0.29562
3.92228	0.23696
3.92253	0.25851
3.92277	0.27824
3.92301	0.21609
3.92326	0.20798
3.9235	0.20725
3.92375	0.18859
3.92399	0.18692
3.92423	0.24602
3.92448	0.21804
3.92472	0.22296
3.92496	0.25779
3.92521	0.25563
3.92545	0.29991
3.9257	0.31036
3.92594	0.30896
3.92618	0.29861
3.92643	0.30448
3.92667	0.31797
3.92692	0.33125
3.92716	0.27666
3.9274	0.25045
3.92765	0.25026
3.92789	0.2078
3.92813	0.18272
3.92838	0.19417
3.92862	0.2227
3.92887	0.20505
3.92911	0.20317
3.92935	0.21351
3.9296	0.11473
3.92984	0.06618
3.93009	0.12742
3.93033	0.16403
3.93057	0.12882
3.93082	0.15222
3.93106	0.17537
3.9313	0.17227
3.93155	0.15128
3.93179	0.20817
3.93204	0.26098
3.93228	0.29707
3.93252	0.31984
3.93277	0.32554
3.93301	0.35249
3.93326	0.3134
3.9335	0.2891
3.93374	0.28309
3.93399	0.2679
3.93423	0.26025
3.93447	0.24086
3.93472	0.22288
3.93496	0.22734
3.93521	0.23391
3.93545	0.235
3.93569	0.25376
3.93594	0.29729
3.93618	0.29903
3.93643	0.25255
3.93667	0.25436
3.93691	0.2505
3.93716	0.27868
3.9374	0.30536
3.93764	0.3147
3.93789	0.29333
3.93813	0.25781
3.93838	0.19773
3.93862	0.18416
3.93886	0.234
3.93911	0.20554
3.93935	0.1664
3.9396	0.21359
3.93984	0.22501
3.94008	0.15734
3.94033	0.20478
3.94057	0.28465
3.94081	0.27912
3.94106	0.22884
3.9413	0.17749
3.94155	0.13829
3.94179	0.15292
3.94203	0.155
3.94228	0.12278
3.94252	0.13029
3.94277	0.1271
3.94301	0.07456
3.94325	0.08304
3.9435	0.12208
3.94374	0.14294
3.94399	0.11742
3.94423	0.12918
3.94447	0.11693
3.94472	0.12901
3.94496	0.13622
3.9452	0.08259
3.94545	0.05137
3.94569	0.06786
3.94594	0.09768
3.94618	0.12874
3.94642	0.11354
3.94667	0.07349
3.94691	0.10041
3.94716	0.1071
3.9474	0.06954
3.94764	0.06529
3.94789	0.06168
3.94813	0.0351
3.94837	0.05086
3.94862	0.07752
3.94886	0.06359
3.94911	0.04611
3.94935	0.03167
3.94959	-0.00994
3.94984	-0.03401
3.95008	0.0466
3.95033	0.11758
3.95057	0.08908
3.95081	0.11824
3.95106	0.17004
3.9513	0.15899
3.95154	0.15847
3.95179	0.15913
3.95203	0.15199
3.95228	0.09365
3.95252	0.03547
3.95276	0.05223
3.95301	0.10521
3.95325	0.08404
3.9535	0.04982
3.95374	0.00815
3.95398	-0.02672
3.95423	0.00954
3.95447	0.04284
3.95471	0.02344
3.95496	-0.03569
3.9552	-0.00963
3.95545	0.03407
3.95569	0.06767
3.95593	0.08941
3.95618	0.08058
3.95642	0.06025
3.95667	0.06746
3.95691	0.09279
3.95715	0.09197
3.9574	0.09831
3.95764	0.131
3.95788	0.15566
3.95813	0.11144
3.95837	0.07343
3.95862	0.08182
3.95886	0.11761
3.9591	0.11135
3.95935	0.0761
3.95959	0.11745
3.95984	0.15703
3.96008	0.15704
3.96032	0.18766
3.96057	0.18602
3.96081	0.16128
3.96105	0.17262
3.9613	0.11742
3.96154	0.10788
3.96179	0.11401
3.96203	0.10616
3.96227	0.09586
3.96252	0.15416
3.96276	0.20918
3.96301	0.25537
3.96325	0.24036
3.96349	0.17958
3.96374	0.11355
3.96398	0.10611
3.96422	0.07744
3.96447	0.1251
3.96471	0.13284
3.96496	0.11212
3.9652	0.14672
3.96544	0.18966
3.96569	0.21572
3.96593	0.20187
3.96618	0.16536
3.96642	0.17196
3.96666	0.23274
3.96691	0.27043
3.96715	0.22961
3.9674	0.22488
3.96764	0.24216
3.96788	0.24409
3.96813	0.21839
3.96837	0.17901
3.96861	0.15031
3.96886	0.18857
3.9691	0.17969
3.96935	0.1389
3.96959	0.09186
3.96983	0.07247
3.97008	0.11723
3.97032	0.1462
3.97057	0.15705
3.97081	0.13195
3.97105	0.07317
3.9713	0.00316
3.97154	0.01694
3.97178	0.01034
3.97203	0.02854
3.97227	0.06864
3.97252	0.12308
3.97276	0.15366
3.973	0.12249
3.97325	0.10364
3.97349	0.13042
3.97374	0.16772
3.97398	0.1836
3.97422	0.20797
3.97447	0.23779
3.97471	0.23473
3.97495	0.17929
3.9752	0.10994
3.97544	0.10381
3.97569	0.11493
3.97593	0.10146
3.97617	0.08267
3.97642	0.05618
3.97666	0.05971
3.97691	0.06165
3.97715	0.05038
3.97739	0.10661
3.97764	0.18204
3.97788	0.15142
3.97812	0.0912
3.97837	0.00903
3.97861	-0.02153
3.97886	-0.01693
3.9791	0.00912
3.97934	0.05202
3.97959	0.0839
3.97983	0.06772
3.98008	0.0643
3.98032	0.07486
3.98056	0.0641
3.98081	0.05608
3.98105	0.03951
3.98129	0.05197
3.98154	0.0672
3.98178	0.01637
3.98203	0.01725
3.98227	0.05535
3.98251	0.04635
3.98276	0.0367
3.983	0.0122
3.98325	-0.00561
3.98349	-0.03505
3.98373	-0.02941
3.98398	-0.0624
3.98422	-0.04178
3.98446	0.03024
3.98471	0.11014
3.98495	0.15607
3.9852	0.11479
3.98544	0.07515
3.98568	0.03804
3.98593	0.02665
3.98617	0.02964
3.98642	-0.00359
3.98666	0.02312
3.9869	0.03595
3.98715	0.028
3.98739	0.03546
3.98763	0.01032
3.98788	-0.01559
3.98812	0.01991
3.98837	0.07534
3.98861	0.08028
3.98885	0.08532
3.9891	0.07056
3.98934	0.10239
3.98959	0.15464
3.98983	0.16483
3.99007	0.15008
3.99032	0.16125
3.99056	0.19842
3.9908	0.16894
3.99105	0.16008
3.99129	0.17044
3.99154	0.18103
3.99178	0.2149
3.99202	0.25678
3.99227	0.23563
3.99251	0.21099
3.99276	0.16571
3.993	0.14244
3.99324	0.14351
3.99349	0.15907
3.99373	0.18422
3.99398	0.18181
3.99422	0.136
3.99446	0.09582
3.99471	0.04648
3.99495	0.11877
3.99519	0.16495
3.99544	0.16754
3.99568	0.16141
3.99593	0.15266
3.99617	0.09689
3.99641	0.04951
3.99666	0.05093
3.9969	0.05944
3.99715	0.13354
3.99739	0.13464
3.99763	0.11697
3.99788	0.10084
3.99812	0.11445
3.99836	0.13144
3.99861	0.17273
3.99885	0.17055
3.9991	0.14019
3.99934	0.11614
3.99958	0.11834
3.99983	0.14215
4.00007	0.15912
4.00032	0.18552
4.00056	0.19751
4.0008	0.17956
4.00105	0.20789
4.00129	0.19486
4.00153	0.09705
4.00178	0.05624
4.00202	0.09665
4.00227	0.19299
4.00251	0.21349
4.00275	0.22439
